##BLOCKS= 1          
Plate:	Plate#1	1.3	PlateFormat	Endpoint	Absorbance	Raw	FALSE	1						1	570	1	12	96	1	8	None	
	Temperature(¡C)	1	2	3	4	5	6	7	8	9	10	11	12		
	23.40	0.0683	0.0684	0.0461	0.0462	0.0459	0.0463	0.0456	0.046	0.0459	0.046	0.0459	0.046		
		0.0937	0.085	0.0465	0.0464	0.0466	0.0463	0.0478	0.0465	0.0464	0.0465	0.0461	0.0458		
		0.0459	0.046	0.0454	0.0467	0.0468	0.0463	0.0464	0.0465	0.0468	0.0463	0.046	0.046		
		0.0457	0.0461	0.0463	0.0466	0.0464	0.0459	0.0461	0.0449	0.0468	0.0462	0.0457	0.046		
		0.0458	0.0398	0.0464	0.0471	0.0465	0.0463	0.0461	0.0462	0.0459	0.0465	0.046	0.0456		
		0.046	0.0458	0.0467	0.0472	0.0408	0.0467	0.0468	0.0467	0.0471	0.0465	0.0461	0.0461		
		0.0457	0.0462	0.0436	0.0467	0.0474	0.0467	0.0481	0.0464	0.0466	0.0466	0.0464	0.0459		
		0.0458	0.0464	0.0464	0.0462	0.0468	0.0463	0.0462	0.0462	0.0464	0.0465	0.0508	0.0462		
		
~End
