##BLOCKS= 1          
Plate:	Plate#1	1.3	PlateFormat	Endpoint	Absorbance	Raw	FALSE	1						1	562	1	12	96	1	8	None	
	Temperature(¡C)	1	2	3	4	5	6	7	8	9	10	11	12		
	25.40	1.6731	1.6627	0.415	0.0821	0.7412	0.7693	2.6895	2.8375	2.376	3.072	2.1347	1.8075		
		1.3816	1.3215	2.7898	3.0041	1.5443	1.705	1.8097	2.0111	1.6991	1.8966	2.4072	2.737		
		0.9445	0.9902	2.5273	0.0739	2.2349	2.4773	1.867	1.9626	2.0701	1.8958	1.9681	1.8471		
		0.769	1.0157	0.9401	0.8285	1.9382	1.687	1.0707	1.1244	2.7944	2.4475	1.3497	1.5192		
		0.7036	0.7495	3.3609	3.2696	2.9182	3.0272	3.2668	3.4586	3.5702	3.2629	3.7782	4		
		0.4299	0.4447	1.3181	1.1877	3.1343	3.1229	2.3169	3.5501	2.4738	2.9647	2.2506	2.3776		
		0.2676	0.2759	1.0673	1.0825	4	3.991	0.5906	0.4925	0.8322	0.7679	1.7002	1.8467		
		0.1211	0.1232	1.5941	1.4787	2.648	2.6187	1.4725	1.3529	0.8406	0.8103	0.4795	0.5211		
		
~End
