##BLOCKS= 1          
Plate:	Plate#1	1.3	PlateFormat	Endpoint	Absorbance	Raw	FALSE	1						1	695	1	12	96	1	8	None	
	Temperature(¡C)	1	2	3	4	5	6	7	8	9	10	11	12		
	25.00	0.420326	6.215612	0.701287	0.573098	0.680658	0.628405	0.598552	0.485847	0.729085	0.689917	2.04794	Path?		
		0.342415	0.193076	0.442515	0.422829	0.479798	2.368132	0.659451	0.524293	1.011839	0.763615	0.516503	0.473848		
		0.537492	0.544667	0.593326	0.511647	0.615751	0.61038	0.627916	0.674752	0.613639	0.649043	0.675486	0.64026		
		0.804882	0.826853	0.85768	0.828055	0.438168	0.525484	0.42457	0.433726	0.464737	0.719378	0.749458	0.671746		
		1.46111	1.558449	0.437439	0.546055	0.549326	0.599484	0.430577	0.763908	0.423495	0.57593	0.493271	1.330034		
		2.041766	2.043252	0.48069	0.569922	0.619143	1.588102	0.659846	0.567267	0.385652	0.423545	0.954092	0.766747		
		2.459474	2.588642	0.843264	0.682562	1.848615	1.794824	0.461703	0.589226	Path?	Path?	2.299354	2.430995		
		0.527892	0.491783	0.470214	0.433048	0.508673	0.424448	2.809648	Path?	0.469252	0.535421	0.553521	0.519815		
		
~End
