##BLOCKS= 2          
Plate:	Plate#1	1.3	PlateFormat	Endpoint	Absorbance	Raw	FALSE	1						1	695	1	12	96	1	8	None	
	Temperature(¡C)	1	2	3	4	5	6	7	8	9	10	11	12		
	25.00	0.420326	6.215612	0.701287	0.573098	0.680658	0.628405	0.598552	0.485847	0.729085	0.689917	2.04794	Path?		
		0.342415	0.193076	0.442515	0.422829	0.479798	2.368132	0.659451	0.524293	1.011839	0.763615	0.516503	0.473848		
		0.537492	0.544667	0.593326	0.511647	0.615751	0.61038	0.627916	0.674752	0.613639	0.649043	0.675486	0.64026		
		0.804882	0.826853	0.85768	0.828055	0.438168	0.525484	0.42457	0.433726	0.464737	0.719378	0.749458	0.671746		
		1.46111	1.558449	0.437439	0.546055	0.549326	0.599484	0.430577	0.763908	0.423495	0.57593	0.493271	1.330034		
		2.041766	2.043252	0.48069	0.569922	0.619143	1.588102	0.659846	0.567267	0.385652	0.423545	0.954092	0.766747		
		2.459474	2.588642	0.843264	0.682562	1.848615	1.794824	0.461703	0.589226	Path?	Path?	2.299354	2.430995		
		0.527892	0.491783	0.470214	0.433048	0.508673	0.424448	2.809648	Path?	0.469252	0.535421	0.553521	0.519815		
		
~End
Plate:	Plate#1	1.3	PlateFormat	Endpoint	Absorbance	Raw	FALSE	1						1	695	1	12	96	1	8	None	
	Temperature(¡C)	1	2	3	4	5	6	7	8	9	10	11	12		
	25.30	Path?	6.03369	0.642406	0.679018	0.68445	0.903519	0.603926	0.501794	0.668793	0.643308	1.684579	Path?		
		0.324685	0.18656	0.407853	0.409194	0.505189	1.144497	0.569041	0.559397	1.089232	0.736517	0.497529	0.499935		
		0.507707	0.503667	0.610333	0.53796	0.568211	0.581664	0.719484	0.650168	0.811992	0.603773	0.679422	0.663826		
		0.800413	0.776217	0.67938	0.85646	0.484746	0.527732	0.437055	0.471447	0.470925	0.629276	0.984694	0.751767		
		1.30092	1.42333	0.410157	0.5101	0.578363	0.563528	0.425763	0.602992	0.512656	0.545941	0.462543	1.195338		
		1.870785	1.999559	0.463964	0.559535	1.311349	0.9087	0.679241	0.601579	0.411565	0.343083	1.094039	0.745824		
		2.268294	2.399118	0.720739	0.445782	1.212998	1.061044	0.52077	0.475817	3.291497	0.632628	Path?	2.841868		
		0.49855	0.446084	0.494938	0.429668	0.400473	0.406183	2.012626	1.428845	0.542471	0.487472	0.607771	0.631647		
		
~End
