##BLOCKS= 1          
Plate:	Plate#1	1.3	PlateFormat	Endpoint	Absorbance	Raw	FALSE	1						1	570	1	12	96	1	8	None	
	Temperature(¡C)	1	2	3	4	5	6	7	8	9	10	11	12		
	23.50	0.047	0.0467	0.0553	0.0729	0.0627	0.0651	0.0808	0.085	0.0565	0.0561	0.1025	0.0969		
		0.1127	0.1109	0.0768	0.0765	0.0702	0.0684	0.0538	0.0554	0.0582	0.059	0.1242	0.1307		
		0.3006	0.297	0.078	0.0698	0.1542	0.1261	0.0468	0.0477	0.1007	0.0796	0.1374	0.1313		
		0.4077	0.4066	0.0582	0.0583	0.0608	0.0591	0.0498	0.0519	0.0671	0.0675	0.1058	0.0937		
		0.4932	0.4848	0.0703	0.0686	0.0456	0.0484	0.0494	0.048	0.0978	0.1313	0.0759	0.0755		
		0.0732	0.0684	0.0722	0.06	0.0582	0.0595	0.0816	0.072	0.0805	0.0895	0.0893	0.0912		
		0.1593	0.151	0.0607	0.0567	0.1396	0.1309	0.0685	0.064	0.0695	0.0795	0.0884	0.0744		
		0.0827	0.0738	0.0628	0.0558	0.066	0.0489	0.1164	0.0606	0.2575	0.2392	0.0873	0.0845		
		
~End
