##BLOCKS= 1          
Plate:	Plate#1	1.3	PlateFormat	Endpoint	Absorbance	Raw	FALSE	1						1	695	1	12	96	1	8	None	
	Temperature(¡C)	1	2	3	4	5	6	7	8	9	10	11	12		
	25.50	0.0435	0.0396	0.0923	0.1087	0.1113	0.2076	0.2859	0.143	0.0443	0.0469	0.0451	0.0456		
		0.0748	0.0734	0.1029	0.1018	0.1133	0.1851	0.1677	0.1728	0.0453	0.0458	0.0449	0.0441		
		0.3614	0.1171	0.1071	0.1078	0.3698	0.3768	0.1464	0.1779	0.0446	0.0457	0.0446	0.0456		
		0.1673	0.1763	0.0952	0.082	0.0961	0.1087	0.1052	0.12	0.0447	0.0446	0.0444	0.0445		
		0.3203	0.3432	0.1165	0.1196	0.1017	0.2206	0.2994	0.2322	0.0446	0.0448	0.0444	0.0445		
		0.3761	0.3822	0.3667	0.1479	0.1842	0.1492	0.076	0.0827	0.0453	0.0451	0.0443	0.0457		
		0.5074	0.5711	0.1011	0.1962	0.1401	0.177	0.0449	0.0452	0.046	0.0461	0.0449	0.0454		
		0.0967	0.1082	0.0787	0.0832	0.1053	0.0924	0.0455	0.0456	0.0451	0.0444	0.0485	0.045		
		
~End
