##BLOCKS= 1          
Plate:	Plate#1	1.3	PlateFormat	Endpoint	Absorbance	Raw	FALSE	1						1	562	1	12	96	1	8	None	
	Temperature(¡C)	1	2	3	4	5	6	7	8	9	10	11	12		
	25.50	2.3845	2.3255	0.0842	0.082	1.7509	2.0031	1.4838	1.6236	1.7216	1.5389	0.048	0.0513		
		1.8702	1.825	3.1719	3.2413	1.9838	2.3091	0.9304	1.0277	4	4	0.0563	0.0481		
		1.3456	1.3201	3.0384	3.0659	1.2008	1.4847	1.3558	1.4495	0.0482	0.0477	0.0465	0.0464		
		1.0732	1.0523	1.7538	1.839	1.6039	1.8552	3.7528	4	0.0521	0.0484	0.0505	0.0466		
		0.7595	0.782	2.3082	2.6603	0.8634	1.061	1.5127	1.6371	0.0475	0.0476	0.05	0.0491		
		0.452	0.4517	2.5267	2.5577	2.775	2.9261	1.7699	2.179	0.0477	0.0474	0.0433	0.0471		
		0.301	0.2846	1.3614	1.5134	2.6063	2.7142	2.1885	2.2023	0.0479	0.0468	0.0487	0.0467		
		0.1271	0.1237	1.7013	1.8146	3.5073	3.8511	1.7295	1.8564	0.0468	0.0469	0.0473	0.0557		
		
~End
